object Form4: TForm4
  Left = 0
  Top = 0
  Caption = 'Form4'
  ClientHeight = 480
  ClientWidth = 640
  FormFactor.Width = 320
  FormFactor.Height = 480
  FormFactor.Devices = [Desktop]
  DesignerMasterStyle = 0
  object ComboBox1: TComboBox
    Position.X = 64.000000000000000000
    Position.Y = 36.000000000000000000
    Size.Width = 321.000000000000000000
    Size.Height = 22.000000000000000000
    Size.PlatformDefault = False
    TabOrder = 0
  end
end
